1.248672592492004263e+01
1.374806442014874186e+01
1.472236005388174895e+01
1.268982352168835348e+01
1.370381935107996796e+01
1.476411186624738647e+01
1.298952252947947628e+01
1.588500525956302134e+01
1.302653575933202212e+01
1.488561741763391666e+01
1.425511812272100798e+01
1.686146393243123853e+01
1.547768444449575398e+01
1.522993952812524654e+01
1.677022370830745501e+01
1.595591900517337081e+01
1.544373279729203219e+01
1.678366145365207984e+01
1.588561304422233000e+01
1.742024516243060361e+01
1.846265099220238781e+01
1.896716135944512160e+01
1.821704143307271551e+01
1.959446526927246168e+01
1.731370116902706968e+01
1.682046525511619350e+01
1.894449837940557302e+01
1.975654827271596403e+01
1.809215046930039605e+01
1.880081429021992179e+01
1.935347950597139999e+01
2.052637919714184989e+01
1.989626162068564241e+01
2.083691048035967697e+01
2.043301328950207463e+01
2.091503542984679953e+01
1.931916229359813286e+01
2.038040898438811865e+01
2.096482948759415166e+01
2.166949878322224521e+01
2.191634042385529924e+01
2.165397462153515917e+01
2.298893413935237007e+01
2.268400055568774221e+01
2.355873381324177274e+01
2.118701643067534945e+01
2.340211713187357745e+01
2.239373444187674167e+01
2.323938610886891709e+01
2.340320102974151339e+01
2.296581118070123750e+01
2.331905584286291244e+01
2.431902212941711028e+01
2.214018665825015120e+01
2.267925840164334872e+01
2.393270389392522191e+01
2.416370770765209031e+01
2.551809705257415928e+01
2.441831673199236263e+01
2.441844168195886411e+01
2.355266534589206273e+01
2.505814976916635572e+01
2.599146256791659226e+01
2.533470035561383327e+01
2.581025287546092883e+01
2.711097227230781925e+01
2.679520393113876153e+01
2.401911051297501842e+01
2.718195915256301731e+01
2.678590732284909492e+01
2.706361837983522989e+01
2.856628313231057703e+01
2.721630464715553899e+01
2.739633456215516816e+01
2.838333007349927684e+01
2.695743680993629710e+01
2.922444264978324213e+01
2.878849212293239646e+01
2.934073336356156503e+01
2.966437131232152780e+01
3.007636367293310187e+01
2.962082119654099088e+01
2.866959306507175853e+01
2.992141609359284260e+01
3.101026071097645342e+01
3.162097882249912573e+01
2.982176655570243540e+01
3.190769618832293020e+01
2.988971299415288740e+01
3.054678311767865750e+01
3.017679038312187600e+01
3.036397547285572074e+01
3.164717848942674649e+01
3.148251689688889599e+01
3.155172832291490437e+01
3.272137640539182968e+01
3.293317767491964787e+01
3.222196097916668123e+01
3.209092121467277536e+01
3.149293286772120481e+01
